1.00314e-12 1.13734 1.31574 1.40481 2.83127 3.04172 3.252 3.39206 3.87874 4.14743 4.54974 4.79598 5.41941 5.96198 6.11808 6.22222 6.36683 6.53229 6.62244 6.80338 6.91689 7.20925 7.21555 7.30808 7.49154 7.62281 7.79606 7.97828 8.17527 8.28443 8.39823 8.46078 8.49663 8.64847 8.67688 8.76845 8.78583 8.86668 8.95437 9.3102 9.35477 9.48948 9.72172 9.93943 10.0276 10.0931 10.2968 10.3386 10.5753 10.9739 11.0329 11.4121 11.6325 11.781 11.9511 12.0837 12.2929 12.5195 12.5939 12.7314 
1.00314e-12 1.13734 1.31574 1.40481 2.83127 3.04172 3.252 3.39206 3.87874 4.14743 4.54974 4.79598 5.41941 5.96198 6.11808 6.22222 6.36683 6.53229 6.62244 6.80338 6.91689 7.20925 7.21555 7.30808 7.49154 7.62281 7.79606 7.97828 8.17527 8.28443 8.39823 8.46078 8.49663 8.64847 8.67688 8.76845 8.78583 8.86668 8.95437 9.3102 9.35477 9.48948 9.72172 9.93943 10.0276 10.0931 10.2968 10.3386 10.5753 10.9739 11.0329 11.4121 11.6325 11.781 11.9511 12.0837 12.2929 12.5195 12.5939 12.7314 
1.00314e-12 1.13734 1.31574 1.40481 2.83127 3.04172 3.252 3.39206 3.87874 4.14743 4.54974 4.79598 5.41941 5.96198 6.11808 6.22222 6.36683 6.53229 6.62244 6.80338 6.91689 7.20925 7.21555 7.30808 7.49154 7.62281 7.79606 7.97828 8.17527 8.28443 8.39823 8.46078 8.49663 8.64847 8.67688 8.76845 8.78583 8.86668 8.95437 9.3102 9.35477 9.48948 9.72172 9.93943 10.0276 10.0931 10.2968 10.3386 10.5753 10.9739 11.0329 11.4121 11.6325 11.781 11.9511 12.0837 12.2929 12.5195 12.5939 12.7314 
1.00314e-12 1.13734 1.31574 1.40481 2.83127 3.04172 3.252 3.39206 3.87874 4.14743 4.54974 4.79598 5.41941 5.96198 6.11808 6.22222 6.36683 6.53229 6.62244 6.80338 6.91689 7.20925 7.21555 7.30808 7.49154 7.62281 7.79606 7.97828 8.17527 8.28443 8.39823 8.46078 8.49663 8.64847 8.67688 8.76845 8.78583 8.86668 8.95437 9.3102 9.35477 9.48948 9.72172 9.93943 10.0276 10.0931 10.2968 10.3386 10.5753 10.9739 11.0329 11.4121 11.6325 11.781 11.9511 12.0837 12.2929 12.5195 12.5939 12.7314 
1.00314e-12 1.13734 1.31574 1.40481 2.83127 3.04172 3.252 3.39206 3.87874 4.14743 4.54974 4.79598 5.41941 5.96198 6.11808 6.22222 6.36683 6.53229 6.62244 6.80338 6.91689 7.20925 7.21555 7.30808 7.49154 7.62281 7.79606 7.97828 8.17527 8.28443 8.39823 8.46078 8.49663 8.64847 8.67688 8.76845 8.78583 8.86668 8.95437 9.3102 9.35477 9.48948 9.72172 9.93943 10.0276 10.0931 10.2968 10.3386 10.5753 10.9739 11.0329 11.4121 11.6325 11.781 11.9511 12.0837 12.2929 12.5195 12.5939 12.7314 
1.00314e-12 1.13734 1.31574 1.40481 2.83127 3.04172 3.252 3.39206 3.87874 4.14743 4.54974 4.79598 5.41941 5.96198 6.11808 6.22222 6.36683 6.53229 6.62244 6.80338 6.91689 7.20925 7.21555 7.30808 7.49154 7.62281 7.79606 7.97828 8.17527 8.28443 8.39823 8.46078 8.49663 8.64847 8.67688 8.76845 8.78583 8.86668 8.95437 9.3102 9.35477 9.48948 9.72172 9.93943 10.0276 10.0931 10.2968 10.3386 10.5753 10.9739 11.0329 11.4121 11.6325 11.781 11.9511 12.0837 12.2929 12.5195 12.5939 12.7314 
1.00314e-12 1.13734 1.31574 1.40481 2.83127 3.04172 3.252 3.39206 3.87874 4.14743 4.54974 4.79598 5.41941 5.96198 6.11808 6.22222 6.36683 6.53229 6.62244 6.80338 6.91689 7.20925 7.21555 7.30808 7.49154 7.62281 7.79606 7.97828 8.17527 8.28443 8.39823 8.46078 8.49663 8.64847 8.67688 8.76845 8.78583 8.86668 8.95437 9.3102 9.35477 9.48948 9.72172 9.93943 10.0276 10.0931 10.2968 10.3386 10.5753 10.9739 11.0329 11.4121 11.6325 11.781 11.9511 12.0837 12.2929 12.5195 12.5939 12.7314 
1.00314e-12 1.13734 1.31574 1.40481 2.83127 3.04172 3.252 3.39206 3.87874 4.14743 4.54974 4.79598 5.41941 5.96198 6.11808 6.22222 6.36683 6.53229 6.62244 6.80338 6.91689 7.20925 7.21555 7.30808 7.49154 7.62281 7.79606 7.97828 8.17527 8.28443 8.39823 8.46078 8.49663 8.64847 8.67688 8.76845 8.78583 8.86668 8.95437 9.3102 9.35477 9.48948 9.72172 9.93943 10.0276 10.0931 10.2968 10.3386 10.5753 10.9739 11.0329 11.4121 11.6325 11.781 11.9511 12.0837 12.2929 12.5195 12.5939 12.7314 
1.00314e-12 1.13734 1.31574 1.40481 2.83127 3.04172 3.252 3.39206 3.87874 4.14743 4.54974 4.79598 5.41941 5.96198 6.11808 6.22222 6.36683 6.53229 6.62244 6.80338 6.91689 7.20925 7.21555 7.30808 7.49154 7.62281 7.79606 7.97828 8.17527 8.28443 8.39823 8.46078 8.49663 8.64847 8.67688 8.76845 8.78583 8.86668 8.95437 9.3102 9.35477 9.48948 9.72172 9.93943 10.0276 10.0931 10.2968 10.3386 10.5753 10.9739 11.0329 11.4121 11.6325 11.781 11.9511 12.0837 12.2929 12.5195 12.5939 12.7314 
1.00314e-12 1.13734 1.31574 1.40481 2.83127 3.04172 3.252 3.39206 3.87874 4.14743 4.54974 4.79598 5.41941 5.96198 6.11808 6.22222 6.36683 6.53229 6.62244 6.80338 6.91689 7.20925 7.21555 7.30808 7.49154 7.62281 7.79606 7.97828 8.17527 8.28443 8.39823 8.46078 8.49663 8.64847 8.67688 8.76845 8.78583 8.86668 8.95437 9.3102 9.35477 9.48948 9.72172 9.93943 10.0276 10.0931 10.2968 10.3386 10.5753 10.9739 11.0329 11.4121 11.6325 11.781 11.9511 12.0837 12.2929 12.5195 12.5939 12.7314 
1.00314e-12 1.13734 1.31574 1.40481 2.83127 3.04172 3.252 3.39206 3.87874 4.14743 4.54974 4.79598 5.41941 5.96198 6.11808 6.22222 6.36683 6.53229 6.62244 6.80338 6.91689 7.20925 7.21555 7.30808 7.49154 7.62281 7.79606 7.97828 8.17527 8.28443 8.39823 8.46078 8.49663 8.64847 8.67688 8.76845 8.78583 8.86668 8.95437 9.3102 9.35477 9.48948 9.72172 9.93943 10.0276 10.0931 10.2968 10.3386 10.5753 10.9739 11.0329 11.4121 11.6325 11.781 11.9511 12.0837 12.2929 12.5195 12.5939 12.7314 
1.00314e-12 1.13734 1.31574 1.40481 2.83127 3.04172 3.252 3.39206 3.87874 4.14743 4.54974 4.79598 5.41941 5.96198 6.11808 6.22222 6.36683 6.53229 6.62244 6.80338 6.91689 7.20925 7.21555 7.30808 7.49154 7.62281 7.79606 7.97828 8.17527 8.28443 8.39823 8.46078 8.49663 8.64847 8.67688 8.76845 8.78583 8.86668 8.95437 9.3102 9.35477 9.48948 9.72172 9.93943 10.0276 10.0931 10.2968 10.3386 10.5753 10.9739 11.0329 11.4121 11.6325 11.781 11.9511 12.0837 12.2929 12.5195 12.5939 12.7314 
1.00314e-12 1.13734 1.31574 1.40481 2.83127 3.04172 3.252 3.39206 3.87874 4.14743 4.54974 4.79598 5.41941 5.96198 6.11808 6.22222 6.36683 6.53229 6.62244 6.80338 6.91689 7.20925 7.21555 7.30808 7.49154 7.62281 7.79606 7.97828 8.17527 8.28443 8.39823 8.46078 8.49663 8.64847 8.67688 8.76845 8.78583 8.86668 8.95437 9.3102 9.35477 9.48948 9.72172 9.93943 10.0276 10.0931 10.2968 10.3386 10.5753 10.9739 11.0329 11.4121 11.6325 11.781 11.9511 12.0837 12.2929 12.5195 12.5939 12.7314 
1.00314e-12 1.13734 1.31574 1.40481 2.83127 3.04172 3.252 3.39206 3.87874 4.14743 4.54974 4.79598 5.41941 5.96198 6.11808 6.22222 6.36683 6.53229 6.62244 6.80338 6.91689 7.20925 7.21555 7.30808 7.49154 7.62281 7.79606 7.97828 8.17527 8.28443 8.39823 8.46078 8.49663 8.64847 8.67688 8.76845 8.78583 8.86668 8.95437 9.3102 9.35477 9.48948 9.72172 9.93943 10.0276 10.0931 10.2968 10.3386 10.5753 10.9739 11.0329 11.4121 11.6325 11.781 11.9511 12.0837 12.2929 12.5195 12.5939 12.7314 
1.00314e-12 1.13734 1.31574 1.40481 2.83127 3.04172 3.252 3.39206 3.87874 4.14743 4.54974 4.79598 5.41941 5.96198 6.11808 6.22222 6.36683 6.53229 6.62244 6.80338 6.91689 7.20925 7.21555 7.30808 7.49154 7.62281 7.79606 7.97828 8.17527 8.28443 8.39823 8.46078 8.49663 8.64847 8.67688 8.76845 8.78583 8.86668 8.95437 9.3102 9.35477 9.48948 9.72172 9.93943 10.0276 10.0931 10.2968 10.3386 10.5753 10.9739 11.0329 11.4121 11.6325 11.781 11.9511 12.0837 12.2929 12.5195 12.5939 12.7314 
1.00314e-12 1.13734 1.31574 1.40481 2.83127 3.04172 3.252 3.39206 3.87874 4.14743 4.54974 4.79598 5.41941 5.96198 6.11808 6.22222 6.36683 6.53229 6.62244 6.80338 6.91689 7.20925 7.21555 7.30808 7.49154 7.62281 7.79606 7.97828 8.17527 8.28443 8.39823 8.46078 8.49663 8.64847 8.67688 8.76845 8.78583 8.86668 8.95437 9.3102 9.35477 9.48948 9.72172 9.93943 10.0276 10.0931 10.2968 10.3386 10.5753 10.9739 11.0329 11.4121 11.6325 11.781 11.9511 12.0837 12.2929 12.5195 12.5939 12.7314 
